time_ms,servo_deg,dist_cm
8999,30.00,3.95
9019,30.00,7.72
9039,30.00,11.49
9059,44.06,15.26
9079,96.06,19.11
9099,147.66,19.01
9119,194.45,19.01
9139,232.41,19.27
9159,258.22,19.61
9179,269.57,19.87
9199,265.40,23.13
9219,245.98,26.52
9239,212.89,29.68
9259,168.97,32.81
9279,118.01,35.90
9299,64.47,35.82
9319,30.00,35.51
9339,30.00,35.26
9359,30.00,32.28
9379,30.00,28.94
9399,30.00,25.60
9419,30.00,22.43
9439,30.00,19.10
9459,30.00,18.33
9479,39.46,17.99
9499,93.62,17.90
9519,147.55,17.81
9539,196.24,17.88
9559,235.14,18.05
9579,260.54,18.12
9600,270.00,18.03
9620,261.64,17.95
9640,237.02,17.70
9660,198.38,17.63
9680,149.32,17.64
9700,94.50,17.99
9720,39.12,21.60
9740,30.00,24.86
9760,30.00,25.36
9780,30.00,25.61
9800,30.00,25.51
9820,30.00,22.41
9840,30.00,22.74
9860,30.00,25.42
9880,30.00,28.52
9900,85.73,31.62
9920,142.15,34.46
9940,193.45,34.46
9960,234.42,34.68
9980,260.85,34.75
10000,270.00,34.80
10020,260.82,34.95
10040,234.15,34.74
10060,192.63,34.55
10080,140.45,31.35
10100,82.96,28.07
10120,30.00,24.90
10140,30.00,21.57
10160,30.00,18.25
10180,30.00,17.91
10200,30.00,17.75
10220,30.00,17.49
10240,30.00,17.57
10260,30.00,17.74
10280,60.28,17.99
10300,119.30,18.40
10320,175.27,18.74
10340,222.11,19.09
10360,254.69,19.34
10380,269.37,19.43
10400,264.46,19.28
10420,240.38,19.12
10440,199.68,18.87
10460,146.78,18.53
10480,87.48,18.19
10500,30.00,18.02
10520,30.00,17.85
10540,30.00,17.76
10560,30.00,17.75
10580,30.00,17.74
10600,30.00,17.74
10620,30.00,17.91
10640,30.00,18.16
10660,74.59,21.49
10680,135.47,24.98
10700,191.20,28.39
10720,235.29,31.71
10740,262.56,35.03
10760,269.73,35.11
10780,255.85,35.03
10800,222.45,31.97
10820,173.36,28.55
10840,114.31,25.06
10860,52.28,21.67
10880,30.00,18.35
10900,30.00,18.42
10920,30.00,21.75
10940,30.00,24.98
10960,30.00,28.32
10980,30.00,31.65
11000,30.00,34.56
11020,65.70,34.56
11040,128.71,34.47
11060,187.06,34.44
11080,233.52,34.43
11100,262.28,34.34
11120,269.67,31.10
11140,254.65,27.86
11160,219.00,24.55
11180,167.08,21.32
11200,105.36,21.41
11220,41.60,21.50
11240,30.00,21.51
11260,30.00,21.51
11280,30.00,24.83
11300,30.00,24.74
11320,30.00,24.65
11340,30.00,24.74
11360,30.00,24.82
11380,92.59,21.76
11400,156.37,21.85
11420,211.57,24.93
11440,250.90,25.10
11460,269.10,25.09
11480,263.67,24.83
11500,235.21,21.83
11520,187.38,21.83
11540,126.48,24.65
11560,60.59,24.83
11580,30.00,25.00
11600,30.00,24.67
11620,30.00,21.60
11640,30.00,18.70
11660,30.00,18.62
11680,30.00,18.70
11700,30.00,22.21
11720,88.20,22.47
11740,154.03,22.72
11760,211.11,22.90
11780,251.46,22.91
11800,269.39,19.84
11820,262.28,19.75
11840,231.02,19.67
11860,179.87,19.67
11880,115.96,19.67
11900,48.28,19.55
11920,30.00,22.97
11940,30.00,22.79
11960,30.00,22.61
11980,30.00,22.35
12000,30.00,22.21
12020,30.00,18.62
12040,47.21,18.54
12060,115.75,18.53
12080,180.64,18.61
12100,232.38,18.61
12120,263.34,18.60
12140,268.85,18.69
12160,247.99,18.61
12180,203.71,18.53
12200,142.49,18.45
12220,73.36,18.36
12240,30.00,18.28
12260,30.00,18.27
12280,30.00,18.36
12300,30.00,18.35
12320,30.00,18.34
12340,30.00,18.34
12360,34.67,18.43
12380,104.57,18.43
12400,172.32,18.60
12420,227.54,18.85
12440,261.64,19.12
12460,269.27,19.36
12480,249.12,22.26
12500,204.19,25.07
12520,141.38,27.72
12540,70.45,30.46
12560,30.00,33.39
12580,30.00,33.39
12600,30.00,33.48
12620,30.00,33.90
12640,30.00,34.14
12660,30.00,34.45
12680,49.46,31.72
12700,121.53,28.66
12720,188.64,25.34
12740,239.94,22.11
12760,267.05,18.54
12780,265.48,18.28
12800,235.35,18.28
12820,181.46,18.28
12840,112.52,18.28
12860,39.78,18.45
12880,30.00,18.46
12900,30.00,18.54
12920,30.00,18.63
12940,30.00,18.63
12960,30.00,18.43
12980,30.00,18.43
13000,92.83,18.34
13020,164.84,18.25
13040,224.34,18.25
13060,261.21,18.28
13080,269.08,18.28
13100,246.51,18.28
13120,197.20,18.27
13140,129.48,18.18
13160,54.90,18.16
13180,30.00,18.25
13200,30.00,18.24
13220,30.00,18.33
13240,30.00,18.50
13260,30.00,18.53
13280,30.00,18.44
13300,88.90,18.44
13320,162.78,18.37
13340,223.94,18.28
13360,261.53,18.25
13380,268.79,18.25
13400,244.30,18.34
13420,192.29,18.77
13440,121.93,22.16
13460,45.76,25.42
13480,30.00,28.90
13500,30.00,29.21
13520,30.00,29.20
13540,30.00,26.30
13560,30.00,23.47
13580,33.31,20.49
13600,109.87,20.43
13620,182.88,20.18
13640,238.93,19.75
13660,267.60,19.43
13680,263.49,18.91
13700,227.22,18.57
13720,165.40,18.40
13740,89.45,18.41
13760,30.00,18.39
13780,30.00,18.40
13800,30.00,18.49
13820,30.00,18.67
13840,30.00,18.76
13860,30.00,18.96
13880,76.63,19.31
13900,154.39,19.31
13920,219.96,19.30
13940,260.71,19.22
13960,268.72,19.02
13980,242.31,18.84
14000,186.45,18.93
14020,111.83,18.93
14040,32.88,19.10
14060,30.00,19.13
14080,30.00,19.13
14100,30.00,19.13
14120,30.00,19.04
14140,30.00,18.87
14160,65.13,18.76
14180,144.95,18.59
14200,213.96,18.50
14220,258.39,18.50
14240,269.28,18.50
14260,244.31,18.52
14280,188.35,18.51
14300,112.53,18.42
14320,32.07,18.32
14340,30.00,18.23
14360,30.00,18.24
14380,30.00,18.24
14400,30.00,18.24
14420,30.00,18.24
14440,75.22,18.33
14460,155.97,18.33
14480,223.23,18.33
14500,263.05,18.32
14520,267.08,18.42
14540,234.33,18.42
14560,171.50,18.48
14580,91.57,18.58
14600,30.00,18.67
14620,30.00,18.67
14640,30.00,18.84
14660,30.00,22.27
14680,30.00,25.68
14700,30.00,29.08
14720,107.06,29.51
14740,185.76,29.52
14760,244.10,26.09
14780,269.48,22.68
14800,256.34,19.27
14820,207.36,19.02
14841,128.85,19.10
14862,40.99,19.39
14882,30.00,19.57
14902,30.00,19.57
14922,30.00,19.48
14942,30.00,19.31
14962,30.00,19.14
14982,83.88,18.97
15002,166.69,18.88
15022,232.65,18.71
15042,267.07,18.54
15063,260.90,18.46
15083,215.94,18.45
15104,138.67,18.53
15125,49.31,18.88
15145,30.00,22.20
15165,30.00,22.52
15185,30.00,22.86
15205,30.00,23.20
15225,30.00,23.18
15245,84.04,20.11
15265,168.15,19.79
15285,234.50,19.45
15305,267.83,19.11
15326,258.90,18.87
15346,210.46,18.70
15367,129.90,18.70
15388,39.08,18.94
15408,30.00,19.12
15428,30.00,19.20
15448,30.00,19.36
15468,30.00,19.53
15488,30.00,19.30
15508,103.35,19.13
15528,186.31,18.96
15548,246.63,18.72
15568,269.95,18.46
15590,246.41,18.45
15610,185.65,18.62
15631,97.58,18.88
15651,30.00,19.12
15671,30.00,19.63
15691,30.00,22.78
15711,30.00,22.87
15731,30.00,25.85
15751,52.52,29.19
15771,141.14,28.77
15791,217.42,25.79
15811,262.73,25.53
15832,264.87,22.37
15853,219.88,19.02
15874,139.76,19.15
15894,50.45,19.09
15915,30.00,22.37
15935,30.00,22.41
15955,30.00,22.24
15975,30.00,22.06
15995,30.00,21.94
16015,112.93,18.66
16035,196.58,18.49
16055,253.57,18.43
16075,269.47,18.35
16096,237.56,18.21
16117,164.56,18.10
16138,70.70,18.15
16158,30.00,18.16
16178,30.00,18.12
16198,30.00,18.16
16218,30.00,18.18
16238,30.00,18.17
16258,96.01,18.16
16278,183.60,18.24
16299,249.31,18.24
16319,269.92,18.24
16339,243.85,18.34
16359,177.74,18.43
16380,84.02,18.44
16400,30.00,18.44
16420,30.00,18.44
16440,30.00,18.34
16460,30.00,18.25
16480,30.00,18.33
16500,90.71,18.34
16520,180.19,18.43
16540,245.81,18.52
16560,270.00,18.61
16581,243.79,18.59
16602,172.29,18.59
16622,81.14,18.59
16643,30.00,18.50
16663,30.00,18.41
16683,30.00,18.34
16703,30.00,18.33
16723,30.00,18.32
16743,106.36,18.32
16763,194.49,18.42
16783,254.18,18.49
16803,268.97,18.58
16824,231.77,18.59
16845,151.64,18.59
16866,52.74,18.51
16886,30.00,18.53
16906,30.00,18.54
16926,30.00,18.62
16946,30.00,18.70
16966,42.65,18.79
16986,137.84,18.78
17006,219.73,18.78
17026,265.28,18.69
17047,260.03,18.76
17068,202.02,18.93
17088,113.94,19.11
17110,30.00,19.20
17130,30.00,19.30
17161,30.00,19.36
17183,30.00,19.32
17206,74.51,19.27
17228,177.99,19.29
17251,253.22,19.30
17273,267.61,19.31
17296,216.74,19.49
17316,132.05,19.23
17336,35.05,18.98
17356,30.00,18.78
17376,30.00,18.57
17396,30.00,18.17
17416,30.00,18.21
17436,73.43,18.25
17456,169.51,18.37
17476,242.22,18.41
17496,269.99,18.42
17516,244.44,18.43
17536,172.99,18.43
17556,76.77,18.31
17576,30.00,18.28
17596,30.00,18.28
17616,30.00,18.36
17636,30.00,18.45
17656,37.68,18.54
17676,136.54,18.62
17696,221.43,18.66
17716,266.60,18.57
17736,258.22,18.44
17756,198.65,18.35
17776,105.92,18.22
17796,30.00,18.13
17816,30.00,18.13
17836,30.00,18.21
17856,30.00,18.21
17876,30.00,18.25
17896,115.13,18.40
17916,206.49,18.43
17936,261.83,18.47
17956,263.83,18.43
17976,211.70,18.43
17996,121.55,18.29
18016,30.00,18.21
18036,30.00,18.12
18056,30.00,18.12
18076,30.00,18.12
18096,30.00,18.21
18116,106.72,18.26
18136,200.88,18.30
18156,259.94,18.36
18176,265.01,18.36
18196,214.32,18.32
18216,123.86,18.27
18236,30.00,18.18
18256,30.00,18.18
18276,30.00,18.26
18296,30.00,18.25
18316,30.00,18.31
18336,111.65,18.53
18356,205.69,18.57
18376,262.24,18.49
18396,262.80,18.49
18416,207.02,18.49
18436,112.95,18.32
18456,30.00,18.23
18476,30.00,18.18
18496,30.00,18.27
18516,30.00,18.35
18536,30.00,18.61
18556,129.74,18.89
18576,219.98,18.98
18596,267.12,18.84
18616,255.36,18.76
18636,188.43,18.45
18656,88.56,18.22
18676,30.00,18.13
18696,30.00,18.13
18716,30.00,18.30
18736,30.00,18.29
18756,55.80,18.43
18776,159.95,18.69
18796,240.49,18.83
18816,269.99,18.74
18836,238.25,18.89
18856,155.92,18.86
18876,50.99,18.82
18896,30.00,19.16
18916,30.00,19.54
18936,30.00,19.62
18956,30.00,19.60
18976,99.55,19.68
18996,198.97,19.30
19016,260.70,18.92
19036,263.22,18.75
19056,205.46,18.66
19076,107.40,18.49
19096,30.00,18.45
19117,30.00,18.37
19137,30.00,18.36
19158,30.00,18.36
19178,59.36,18.28
19198,165.41,18.36
19218,244.88,18.33
19238,269.56,18.34
19258,230.52,18.34
19278,141.46,18.43
19300,30.00,18.34
19320,30.00,18.36
19340,30.00,18.35
19360,30.00,18.34
19380,31.25,18.25
19400,139.24,18.42
19420,229.56,18.34
19440,269.52,18.44
19461,241.62,18.45
19481,158.35,18.45
19503,39.50,18.28
19523,30.00,18.46
19543,30.00,18.63
19563,30.00,18.64
19584,30.00,18.73
19604,133.90,18.81
19624,226.74,18.81
19644,269.26,18.63
19664,245.60,18.97
19684,164.35,19.23
19705,50.01,22.13
19725,30.00,25.20
19745,30.00,27.96
19765,30.00,30.68
19785,30.00,33.41
19805,123.35,33.92
19825,220.25,33.75
19846,268.96,33.97
19866,246.52,33.98
19887,159.86,34.06
19908,44.09,33.72
19928,30.00,34.32
19948,30.00,31.75
19968,30.00,29.11
19988,30.00,26.56
