time_ms,servo_deg,dist_cm
8999,30.00,2.25
9019,30.00,4.48
9039,30.00,6.70
9059,44.06,8.84
9079,96.06,11.07
9099,147.66,11.04
9119,194.45,11.04
9139,232.41,10.97
9159,258.22,10.88
9179,269.57,10.72
9199,265.40,10.56
9219,245.98,10.32
9239,212.89,10.16
9259,168.97,10.01
9279,118.01,9.94
9299,64.47,9.87
9319,30.00,9.87
9339,30.00,9.79
9359,30.00,9.88
9379,30.00,9.79
9399,30.00,9.79
9419,30.00,9.80
9439,30.00,9.89
9459,30.00,9.90
9479,39.46,10.07
9499,93.62,10.14
9519,147.55,10.20
9539,196.24,10.26
9559,235.14,10.33
9579,260.54,10.31
9600,270.00,10.30
9620,261.64,10.31
9640,237.02,10.24
9660,198.38,10.08
9680,149.32,9.93
9700,94.50,9.78
9720,39.12,9.71
9740,30.00,9.91
9760,30.00,10.18
9780,30.00,10.54
9800,30.00,10.90
9820,30.00,11.26
9840,30.00,11.44
9860,30.00,11.80
9880,30.00,11.98
9900,85.73,12.17
9920,142.15,12.17
9940,193.45,12.17
9960,234.42,12.17
9980,260.85,12.17
10000,270.00,12.18
10020,260.82,12.38
10040,234.15,12.33
10060,192.63,12.00
10080,140.45,11.59
10100,82.96,11.21
10120,30.00,10.98
10140,30.00,11.25
10160,30.00,11.72
10180,30.00,12.56
10200,30.00,13.09
10220,30.00,13.38
10240,30.00,13.43
10260,30.00,13.28
10280,60.28,13.18
10300,119.30,17.57
10320,175.27,17.66
10340,222.11,17.72
10360,254.69,17.72
10380,269.37,17.41
10400,264.46,12.78
10420,240.38,12.46
10440,199.68,12.08
10460,146.78,11.76
10480,87.48,11.49
10500,30.00,11.45
10520,30.00,11.20
10540,30.00,11.01
10560,30.00,10.95
10580,30.00,10.90
10600,30.00,10.78
10620,30.00,10.95
10640,30.00,11.23
10660,74.59,11.69
10680,135.47,12.23
10700,191.20,12.71
10720,235.29,13.19
10740,262.56,13.64
10760,269.73,13.96
10780,255.85,14.22
10800,222.45,14.39
10820,173.36,14.39
10840,114.31,14.33
10860,52.28,14.34
10880,30.00,13.98
10900,30.00,13.76
10920,30.00,13.60
10940,30.00,13.41
10960,30.00,13.15
10980,30.00,17.44
11000,30.00,21.69
11020,65.70,22.02
11040,128.71,22.28
11060,187.06,22.09
11080,233.52,18.03
11100,262.28,13.92
11120,269.67,14.00
11140,254.65,13.90
11160,219.00,14.27
11180,167.08,14.06
11200,105.36,13.75
11220,41.60,13.10
11240,30.00,12.64
11260,30.00,11.91
11280,30.00,11.39
11300,30.00,11.10
11320,30.00,10.94
11340,30.00,10.84
11360,30.00,10.95
11380,92.59,11.07
11400,156.37,11.12
11420,211.57,11.12
11440,250.90,11.14
11460,269.10,11.11
11480,263.67,11.09
11500,235.21,11.04
11520,187.38,10.97
11540,126.48,10.96
11560,60.59,11.08
11580,30.00,11.38
11600,30.00,11.54
11620,30.00,11.72
11640,30.00,11.84
11660,30.00,11.81
11680,30.00,11.61
11700,30.00,11.55
11720,88.20,11.46
11740,154.03,11.33
11760,211.11,11.26
11780,251.46,11.20
11800,269.39,11.17
11820,262.28,11.17
11840,231.02,11.39
11860,179.87,11.81
11880,115.96,16.44
11900,48.28,21.00
11920,30.00,25.47
11940,30.00,25.66
11960,30.00,25.52
11980,30.00,21.13
12000,30.00,16.72
12020,30.00,12.38
12040,47.21,12.17
12060,115.75,12.02
12080,180.64,12.01
12100,232.38,11.96
12120,263.34,11.89
12140,268.85,11.79
12160,247.99,11.90
12180,203.71,11.85
12200,142.49,12.35
12220,73.36,14.32
12240,30.00,18.97
12260,30.00,23.27
12280,30.00,27.63
12300,30.00,31.59
12320,30.00,34.10
12340,30.00,34.01
12360,34.67,34.10
12380,104.57,34.37
12400,172.32,30.15
12420,227.54,25.94
12440,261.64,21.50
12460,269.27,17.02
12480,249.12,12.28
12500,204.19,12.13
12520,141.38,11.95
12540,70.45,12.02
12560,30.00,12.20
12580,30.00,12.72
12600,30.00,13.05
12620,30.00,13.49
12640,30.00,13.69
12660,30.00,13.69
12680,49.46,13.34
12700,121.53,13.19
12720,188.64,12.75
12740,239.94,12.46
12760,267.05,12.31
12780,265.48,12.24
12800,235.35,12.13
12820,181.46,12.31
12840,112.52,12.77
12860,39.78,14.52
12880,30.00,14.94
12900,30.00,16.95
12920,30.00,17.13
12940,30.00,16.85
12960,30.00,15.24
12980,30.00,14.72
13000,92.83,12.53
13020,164.84,12.08
13040,224.34,11.84
13060,261.21,11.57
13080,269.08,11.56
13100,246.51,11.57
13120,197.20,11.66
13140,129.48,11.63
13160,54.90,11.65
13180,30.00,11.74
13200,30.00,11.72
13220,30.00,11.64
13240,30.00,11.67
13260,30.00,11.82
13280,30.00,11.73
13300,88.90,11.93
13320,162.78,11.93
13340,223.94,12.00
13360,261.53,11.94
13380,268.79,12.04
13400,244.30,11.92
13420,192.29,12.11
13440,121.93,12.49
13460,45.76,17.20
13480,30.00,22.02
13500,30.00,26.50
13520,30.00,31.05
13540,30.00,35.32
13560,30.00,35.15
13580,33.31,35.03
13600,109.87,35.22
13620,182.88,35.05
13640,238.93,34.88
13660,267.60,34.79
13680,263.49,34.56
13700,227.22,34.56
13720,165.40,34.73
13740,89.45,34.82
13760,30.00,34.90
13780,30.00,34.99
13800,30.00,34.90
13820,30.00,34.98
13840,30.00,34.97
13860,30.00,35.14
13880,76.63,35.23
13900,154.39,35.15
13920,219.96,34.89
13940,260.71,34.90
13960,268.72,34.73
13980,242.31,34.64
14000,186.45,34.73
14020,111.83,34.82
14040,32.88,34.82
14060,30.00,34.74
14080,30.00,34.74
14100,30.00,34.74
14120,30.00,34.73
14140,30.00,34.72
14160,65.13,34.81
14180,144.95,30.52
14200,213.96,26.22
14220,258.39,22.01
14240,269.28,17.83
14260,244.31,15.17
14280,188.35,19.55
14300,112.53,23.93
14320,32.07,28.23
14340,30.00,32.41
14360,30.00,35.14
14380,30.00,35.04
14400,30.00,34.95
14420,30.00,34.95
14440,75.22,35.21
14460,155.97,35.04
14480,223.23,32.51
14500,263.05,29.65
14520,267.08,25.44
14540,234.33,22.72
14560,171.50,22.81
14580,91.57,25.35
14600,30.00,28.39
14620,30.00,32.59
14640,30.00,35.13
14660,30.00,35.22
14680,30.00,35.31
14700,30.00,35.31
14720,107.06,32.33
14740,185.76,28.04
14760,244.10,23.75
14780,269.48,19.45
14800,256.34,15.07
14820,207.36,15.34
14840,132.97,19.54
14861,45.08,23.75
14881,30.00,28.05
14901,30.00,32.17
14921,30.00,34.80
14941,30.00,34.80
14961,30.00,34.88
14981,79.62,34.80
15001,162.81,34.89
15021,230.00,34.81
15041,266.26,34.76
15062,262.20,34.59
15082,218.97,34.68
15102,146.88,34.60
15123,57.74,34.69
15143,30.00,34.75
15163,30.00,34.83
15183,30.00,34.74
15203,30.00,34.82
15223,30.00,34.81
15243,75.38,34.91
15263,160.24,34.91
15283,229.15,31.96
15303,266.28,27.75
15324,261.72,23.54
15345,213.67,19.26
15366,134.15,16.30
15386,47.54,19.25
15407,30.00,23.54
15427,30.00,27.75
15447,30.00,31.94
15467,30.00,32.11
15488,30.00,27.98
15508,103.35,24.96
15528,186.31,20.58
15548,246.63,16.19
15568,269.95,14.79
15588,250.61,15.96
15609,189.38,18.99
15630,102.01,23.38
15650,30.00,27.77
15671,30.00,32.05
15691,30.00,35.00
15711,30.00,35.00
15731,30.00,35.18
15751,52.52,35.35
15771,141.14,35.18
15791,217.42,35.19
15811,262.73,35.02
15832,264.87,34.84
15852,222.96,34.52
15874,139.76,34.47
15894,50.45,34.50
15915,30.00,34.63
15935,30.00,30.74
15955,30.00,30.87
15975,30.00,30.97
15995,30.00,31.10
16015,112.93,31.01
16035,196.58,34.94
16055,253.57,34.87
16075,269.47,32.03
16096,237.56,27.68
16116,168.71,24.86
16138,70.70,22.25
16158,30.00,22.41
16178,30.00,22.62
16198,30.00,26.97
16218,30.00,25.71
16238,30.00,24.18
16258,96.01,19.71
16278,183.60,17.90
16299,249.31,13.37
16319,269.92,13.11
16339,243.85,12.82
16359,177.74,12.82
16379,88.67,13.08
16400,30.00,17.61
16420,30.00,22.00
16440,30.00,26.41
16460,30.00,30.88
16480,30.00,35.09
16500,90.71,35.00
16520,180.19,34.99
16540,245.81,35.15
16560,270.00,35.07
16580,246.18,35.16
16602,172.29,35.15
16622,81.14,35.25
16642,30.00,35.08
16662,30.00,34.99
16683,30.00,35.07
16703,30.00,32.29
16723,30.00,27.99
16743,106.36,23.95
16763,194.49,19.67
16783,254.18,15.12
16803,268.97,13.43
16824,231.77,13.43
16844,156.11,14.92
16866,52.74,19.28
16886,30.00,23.85
16906,30.00,28.26
16926,30.00,32.48
16946,30.00,35.03
16966,42.65,35.11
16986,137.84,34.93
17006,219.73,34.82
17026,265.28,34.83
17046,261.55,34.83
17068,202.02,34.75
17088,113.94,34.76
17108,30.00,34.84
17129,30.00,34.84
17149,30.00,34.83
17169,30.00,34.82
17189,30.00,34.90
17209,89.14,30.94
17229,182.22,26.58
17249,248.86,22.20
17269,269.73,17.81
17290,235.85,13.34
17310,160.01,13.16
17332,54.07,13.31
17352,30.00,17.79
17372,30.00,22.20
17392,30.00,26.58
17412,30.00,30.71
17432,53.87,34.93
17452,151.30,34.84
17472,230.74,34.82
17492,268.66,34.83
17512,253.68,34.78
17533,185.92,34.73
17554,86.70,34.63
17574,30.00,34.61
17594,30.00,34.85
17614,30.00,32.14
17634,30.00,28.08
17654,30.00,24.00
17674,126.79,19.80
17694,214.38,15.07
17714,264.39,13.38
17735,259.94,13.01
17756,198.65,12.98
17776,105.92,13.02
17798,30.00,17.69
17818,30.00,18.01
17838,30.00,22.50
17858,30.00,26.71
17878,30.00,30.89
17898,125.13,30.80
17918,214.04,34.84
17938,264.58,32.20
17958,260.91,29.33
17979,200.01,26.38
18000,101.30,23.58
18021,30.00,23.66
18041,30.00,26.19
18061,30.00,29.06
18081,30.00,32.18
18101,30.90,30.98
18121,132.03,31.07
18141,219.93,26.96
18161,266.66,22.75
18182,255.25,19.97
18203,185.90,23.81
18224,82.77,23.73
18244,30.00,27.83
18264,30.00,28.11
18284,30.00,30.63
18304,30.00,30.80
18324,49.74,30.97
18344,151.97,31.06
18364,234.20,35.00
18384,269.64,35.09
18405,243.98,34.92
18425,167.79,34.83
18446,60.92,30.82
18466,30.00,30.81
18486,30.00,30.01
18506,30.00,26.08
18526,30.00,22.06
18546,77.54,26.07
18566,178.60,26.24
18586,250.35,27.21
18607,268.17,31.39
18627,224.32,35.41
18648,130.45,35.50
18669,30.00,35.39
18689,30.00,35.38
18709,30.00,31.09
18729,30.00,26.61
18749,30.00,22.14
18769,124.43,17.89
18789,217.00,13.34
18809,266.55,13.10
18830,253.96,13.01
18850,184.52,13.18
18872,72.09,14.50
18892,30.00,18.89
18912,30.00,23.25
18932,30.00,27.72
18952,30.00,31.93
18972,78.09,34.96
18992,181.11,34.95
19012,252.66,34.88
19032,267.82,34.80
19053,217.39,34.67
19074,118.12,34.47
19094,30.00,30.67
19115,30.00,26.43
19135,30.00,22.36
19155,30.00,18.43
19175,43.46,18.38
19195,150.31,22.14
19215,235.95,26.41
19235,269.96,30.59
19256,237.07,34.60
19276,151.81,34.65
19297,39.19,34.70
19317,30.00,34.75
19337,30.00,34.72
19357,30.00,34.77
19377,30.00,34.73
19397,123.22,34.80
19417,218.58,34.81
19437,267.57,34.81
19459,247.27,31.83
19479,168.42,27.73
19500,55.57,23.44
19520,30.00,19.22
19540,30.00,16.44
19560,30.00,15.23
19580,30.00,15.22
19600,112.11,15.22
19620,211.31,15.30
19640,265.88,13.87
19661,253.31,15.08
19682,174.34,16.73
19702,66.45,20.95
19723,30.00,25.08
19743,30.00,29.30
19763,30.00,32.36
19783,30.00,34.99
19803,112.29,34.99
19823,212.26,34.99
19843,266.38,34.99
19864,251.76,34.90
19885,170.08,34.82
19905,60.60,32.22
19926,30.00,32.39
19946,30.00,28.26
19966,30.00,24.08
19986,30.00,19.95
